100
    1    3
    1    7
    1    8
    1   11
    1   12
    1   17
    2    1
    2    5
    2    8
    3    7
    3   13
    3   16
    3   20
    4    1
    4    5
    4   15
    4   17
    4   18
    5    1
    5    9
    5   13
    5   15
    5   16
    6    1
    6    3
    6    5
    6    8
    6   14
    6   18
    7   12
    7   15
    7   16
    7   19
    8    5
    8   11
    8   14
    8   15
    9    7
    9   12
    9   13
    9   15
    9   18
    9   20
   10    7
   10    9
   10   14
   10   15
   11    4
   11   11
   11   20
   12    7
   12    8
   12   10
   12   11
   12   18
   13    1
   13    3
   13   13
   14    1
   14    2
   14    8
   14    9
   14   15
   14   16
   15    8
   15   10
   15   13
   15   14
   15   17
   15   19
   16    1
   16    3
   16    7
   16    9
   16   11
   16   12
   16   17
   16   18
   17    3
   17    4
   17   19
   18    3
   18    8
   18   12
   18   14
   18   20
   19    1
   19    6
   19    7
   19   12
   19   13
   19   14
   19   15
   20    4
   20    5
   20    7
   20    9
   20   12
   20   17
   20   18